-717 -4557 2578  153 21 30  -8 8 -7
1639 651 -987  29 -19 129  -5 0 -6
-10482 -248 -491  4 10 81  21 0 -4
-6607 -2542 1338  -9 52 -106  14 2 4
-4468 1178 -6474  146 44 66  0 -5 9
1298 -3391 -2843  -44 26 113  0 6 -1
-36 -1100 4900  62 22 56  -4 1 -15
-357 911 -1551  -1 16 141  2 -7 -6
-582 1505 -1092  97 -55 30  -7 -3 3
-2436 -2689 1860  -28 83 -39  17 7 -7
-483 119 240  6 22 -25  2 -3 1
-546 2 33  95 -95 15  -7 10 -2
-3417 -1789 1419  112 33 33  8 7 -12
-321 1388 -588  -3 -58 78  2 -2 -5
1119 -358 -696  -83 20 46  2 0 -1
-469 3696 -2490  47 -22 85  -2 -7 0
-4152 3464 -2954  -6 -44 131  10 -5 -2
53 -770 -4114  -91 42 141  6 -1 0
-34 -3003 2440  2 164 35  0 -4 -8
691 -6396 4151  -53 41 -9  2 12 -9
5584 3049 -3324  -38 4 154  -13 -9 -2
-4166 -1943 -3545  13 88 122  11 -1 1
826 -4218 4021  -44 27 -7  1 10 -11
306 -3867 -2245  -51 27 72  3 9 1
-2047 -877 -711  -55 -34 13  10 5 1
909 -3612 1692  73 0 -59  -12 19 -3
3094 -306 -1348  -22 -14 41  -14 3 3
3056 -2472 1274  -130 20 -67  -3 11 0
2296 1119 3744  -60 1 -17  -6 -6 -18
1695 -1852 -2665  -69 21 69  -2 8 7
1714 -180 109  -90 73 33  0 -6 -4
-1820 -1719 1648  96 34 -38  0 6 -5
2265 865 4042  -9 -12 -94  -11 -3 -12
802 542 3130  -42 45 -166  0 -7 0
-2800 118 -9698  7 -76 115  4 4 9
-2975 6838 12107  84 -34 -58  0 -9 -16
7875 -7022 137  26 92 -94  -14 6 5
-8785 5298 6402  178 -98 69  4 -3 -14
4480 8203 2517  -3 -109 144  -7 -7 -12
-9275 1903 -633  156 -19 -36  6 -2 3
-3885 -4817 -2418  92 65 51  1 4 1
-2485 4738 -5883  106 -82 42  -2 -3 7
2940 7153 -3188  41 -133 37  -7 -4 3
-3636 4776 -2208  96 -41 40  7 -17 6
1068 -3225 1887  -18 65 -133  -3 8 4
-738 -2238 -423  -75 -4 109  10 10 -8
1257 -138 -3258  -38 -16 46  -2 2 10
-3888 -1776 2895  108 95 -126  7 -1 -1
2832 -117 -402  -14 -28 53  -11 3 -3
81 2067 1740  -4 33 -27  0 -12 -5
-1557 2067 1026  -25 -66 -48  9 -3 0
-689 -910 1754  31 28 -105  4 7 -6
-449 -1216 494  24 73 -13  2 4 -4
-245 -694 1838  7 -3 -112  2 9 -6
-881 1754 1448  99 -116 -112  -4 -5 -1
25 -208 -268  82 -11 18  -13 4 1
-656 788 1357  9 -73 -80  5 2 -2
1577 -1977 -78  -68 27 60  -6 15 -7
2368 -444 517  -57 -45 -110  -15 10 10
1024 -129 -750  -81 90 3  1 -11 7
-3036 -297 -855  149 42 33  9 -3 4
-2929 3781 -2048  -25 -22 -5  13 -12 8
-3228 377 -3750  72 -150 33  6 11 11
3189 -2015 -1151  -63 74 16  -6 1 3
2545 -359 2529  61 26 12  -14 -1 -10
3856 -2567 4093  -44 110 -32  -10 0 -12
-3504 3528 -507  156 -59 -96  0 -8 10
3626 -4867 965  38 210 -148  -16 0 9
111 599 -736  -64 -25 43  6 -1 0
3765 -40 542  -96 58 -28  -12 -6 0
-3174 428 1982  147 -6 -184  3 -2 8
822 -553 533  1 134 20  -5 -11 -5
417 482 -52  52 -123 100  -8 10 -10
2955 4208 -475  -32 -178 -19  -14 -6 5
8787 -4348 -4882  -140 75 62  -9 4 6
-5070 -256 419  35 87 -13  8 -5 0
1223 -1217 822  -104 -26 -74  4 4 3
-3551 1201 1380  34 8 -44  5 -3 0
448 1790 326  -47 85 -106  2 -9 6
-2032 2875 -1224  49 -46 -24  1 -3 4
541 6502 4263  -66 45 23  3 -16 -10
107 3061 8293  -52 -36 -171  3 -4 -6
2370 -3386 -5303  -29 94 -38  -2 0 10
5268 -4034 -3953  57 38 91  -11 4 1
-5298 -218 1573  -38 43 -7  10 -2 -2
-11040 8818 -2207  140 -97 98  9 -8 -2
1110 10762 -5573  -105 -114 -49  4 -10 11
1902 -9902 -8669  58 127 0  -6 8 13
3450 -3962 1303  -96 -1 130  0 6 -9
-313 -1252 -409  28 41 -37  0 12 12
-929 1003 -860  54 -26 88  5 -11 -2
1524 -592 724  -61 -1 -38  -13 9 -5
-1040 -4812 3618  32 -92 61  0 14 -10
1699 831 -5952  -68 43 113  1 -4 4
-8267 3141 5169  47 -27 -20  12 -4 -8
-4142 1755 1968  -10 -19 43  8 -2 -6
3514 -1083 -375  -21 33 29  -5 0 -1
-2921 1953 -2850  4 -93 87  5 2 0
-1436 567 12957  -109 -17 -188  9 0 -12
-5792 -654 -7866  108 3 154  4 1 5
-264 -2379 -269  116 -5 -18  -11 16 4
926 1684 1329  -71 -64 -49  2 -4 -3
3051 222 3505  -88 4 -15  -10 -2 -21
42 2143 54  53 53 17  -6 -20 -2
-1539 2551 -1034  74 -115 9  2 -4 6
1640 324 -2258  -5 16 108  -10 -4 3
1028 2398 2196  -50 -25 -55  -1 -13 -8
732 686 -2723  12 -126 83  -5 9 6
1245 1389 -1735  -75 47 -9  1 -12 10
3582 116 -2932  -158 14 44  -3 -2 11
-940 -3323 -500  60 95 136  -1 8 -11
1568 1997 -1602  -32 -75 -36  -5 -3 12
95 -1729 1134  -13 59 -20  1 9 -8
-1928 903 -1981  94 -69 150  6 1 -1
1012 462 -77  -86 30 29  2 -8 -3
-129 1190 -665  3 -82 41  1 0 1
-843 532 203  84 -5 9  -3 -4 -3
3776 -816 -327  -130 -17 -4  0 3 1
-1705 -2150 7213  89 104 -99  -2 -2 -10
-4286 1823 485  -92 -63 28  16 0 -3
258 -2634 5128  -60 98 -87  4 1 -10
-3042 918 376  40 75 36  7 -9 -4
-270 -522 -620  137 -90 -85  -10 9 9
354 -390 1348  36 -8 -67  -4 2 1
-1614 5802 -2024  118 -66 86  -4 -14 0
894 894 -3668  26 76 17  -5 -9 11
3246 -4938 4696  -122 69 -44  -1 11 -12
-450 -2574 1792  -18 108 -148  3 0 6
-2934 354 352  148 61 -88  -2 -6 6
-491 266 673  59 -32 -100  -1 1 6
-341 501 -952  55 -72 35  -3 4 11
919 -754 -592  -126 15 32  7 11 5
-981 811 1228  75 -114 -117  5 6 -1
-76 356 328  -21 3 17  6 -7 -9
599 -389 488  -39 61 -43  -3 -4 -1
-1216 943 3461  -43 -8 -53  14 -6 -19
1936 335 637  -53 13 -38  -8 -4 0
-1544 2295 -211  37 -118 32  7 -3 -2
-24 1975 365  -75 -30 13  9 -11 -4
-912 2175 1069  57 -136 -133  0 0 8
-2064 -681 -355  95 68 -78  4 -3 12
1000 -1185 -379  -20 57 0  -5 2 3
1856 2591 3797  -14 8 -159  -12 -20 -9
-1072 4215 1421  -1 -187 -36  8 -9 -6
1431 -11643 -115  3 58 -17  -2 12 1
-1065 9846 782  -93 -33 0  6 -11 -1
-207 -9108 -2845  -15 -7 13  1 12 3
10518 -5208 -8422  -70 133 96  -10 0 6
2874 -10512 -2026  26 69 52  -5 10 0
-7305 330 -3586  87 -89 -68  5 4 8
-5940 -3882 2537  -8 -41 -5  8 7 -3
-5784 -2400 1133  48 -79 -29  5 7 0
-5394 13863 5306  58 -156 -56  4 -10 -4
651 7935 1601  -17 56 -21  0 -13 -1
4379 6523 353  -53 13 12  -3 -9 -1
-5917 9526 -4327  111 -124 72  2 -6 2
401 -5372 5111  -11 158 10  0 -1 -7
6095 4612 2927  -17 -58 106  -7 -3 -9
3131 -9467 6515  -81 103 -86  0 7 -4
-17 1152 2743  2 -47 -40  0 0 -6
1327 -1296 3667  -54 5 -16  0 4 -11
-1553 -804 -185  -34 -3 -68  8 3 6
-2393 -5892 -1601  1 84 66  8 13 0
2431 -2232 2695  -50 19 -38  -4 6 -6
-4349 -3948 -365  70 128 52  9 3 -3
-41 -3516 -317  -72 85 -50  6 5 5
-1037 2592 -869  -68 -82 23  9 -2 1
7279 -468 -893  -102 33 -51  -16 -1 7
-53 -1668 163  -84 83 -70  7 -1 5
3444 399 262  -42 -64 -1  -11 4 -1
-1281 -42 430  -4 -87 -20  6 8 0
2016 -1701 -347  81 91 -49  -16 -1 6
1050 420 -11  39 45 12  -8 -6 -1
1722 84 -2699  -59 -5 107  -2 0 2
-231 -1596 -2174  100 108 -94  -8 -3 18
-1056 -1831 1015  64 -3 0  -1 9 -5
454 -3731 -755  -64 71 -27  4 11 6
2754 739 -555  -95 89 -16  -4 -12 4
3254 -1731 2755  -36 55 -45  -12 3 -9
5596 1082 -2740  -70 -12 -49  -5 -1 7
1081 -11833 -3300  5 87 57  -2 14 2
-3609 11722 -570  31 -118 105  4 -12 -5
-2524 -598 2090  162 18 47  -5 0 -6
2201 -633 480  9 -35 -33  -4 3 1
-9489 627 7795  1 -125 -134  15 6 -5
1991 2167 -45  -75 47 -90  1 -6 5
-8194 -1088 -2180  36 68 43  11 -2 1
2936 7522 -395  -48 2 64  -2 -12 -3
2271 -6303 3945  -119 91 -6  3 5 -6
-84 4399 5563  -52 0 -51  3 -7 -6
-714 -4736 1118  2 -63 -32  1 11 0
4256 3804 698  22 -1 -38  -8 -6 1
21 1914 12668  -1 -19 -38  0 -2 -18
1549 662 1018  -67 -42 -70  -1 1 2
2289 172 -1492  -125 77 87  1 -8 -1
-1701 1612 1048  1 -79 65  8 0 -11
-1741 1532 3718  45 -96 -79  4 2 -10
3319 -3068 -1942  -19 50 57  -14 10 4
89 -2428 1658  -36 102 66  3 2 -14
-226 -6162 5431  102 -61 81  -5 12 -12
-6109 5419 -3338  128 -13 -43  2 -7 7
366 4050 806  10 -52 130  -1 -3 -8
-2076 -1241 -3301  38 34 32  1 0 3
588 -1241 -3597  -15 34 -36  0 0 7
2888 -529 -2519  -60 106 138  -6 -7 -2
-1479 1473 -3971  -11 -8 112  7 -5 6
1755 -12 -792  -89 -44 2  1 4 3
-775 3277 2013  3 -113 47  3 -3 -12
-511 -3598 770  14 27 -23  1 12 -1
-940 1847 1177  45 -71 -30  0 -1 -2
2767 2617 -1001  -20 -14 46  -9 -9 0
1345 -325 -1246  -24 55 83  -8 -4 0
-1940 1670 599  67 -46 16  8 -8 -7
250 1805 3029  41 -47 -58  -7 -9 -18
-710 -190 -961  -7 158 -48  7 -18 14
-1358 -1282 -777  -107 31 -88  14 2 10
22 167 -4250  1 -8 27  0 0 13
321 -1535 672  -12 -18 -55  0 7 2
91 351 -64  -50 20 1  4 -3 0
-484 4652 -1697  23 -83 0  0 -10 6
1172 -1627 -1007  -49 58 -78  0 1 10
-1519 -1811 2098  -4 66 -33  6 1 -5
528 -1788 -1536  3 77 65  -2 0 0
804 -1995 -3445  15 86 136  -4 0 1
-4095 1846 3087  132 -9 20  4 -6 -13
5642 -3127 -1820  -110 89 87  -9 3 -1
1567 823 505  -25 -17 -19  -3 -1 0
-4883 873 4105  77 -71 -33  9 3 -10
917 -2127 5130  -38 192 -61  0 -8 -11
-2667 1121 -10527  -98 31 147  11 -4 11
-347 4833 6129  44 -52 -93  -2 -6 -6
-7035 -2655 -8079  121 -49 120  6 8 8
-6603 -319 3089  -8 43 35  13 -2 -8
3845 5169 -5199  -120 20 -69  0 -11 14
533 2257 2897  -99 -21 -124  5 -3 2
-1556 -1315 518  69 -15 -12  4 13 -3
-446 1550 -1567  27 -14 7  0 -11 12
-1873 -1402 -2361  127 68 67  -4 -1 2
-1998 1873 1164  -11 -50 -74  7 -2 2
3377 -2902 -436  73 89 -10  -16 2 2
-3923 -877 3089  66 47 -112  7 -1 -1
-1673 -1077 -1311  54 107 12  1 -5 3
2877 -2177 -6486  28 21 115  -11 5 11
-1798 4548 2914  -19 -40 25  7 -11 -11
-498 -1802 1464  111 -20 -73  -7 7 1
-773 273 89  -8 118 8  3 -10 -1
2102 -2427 1664  -6 109 -68  -6 -1 0
124 -4624 -2317  -96 81 22  7 9 6
2812 5852 -181  17 -168 -17  -11 -6 2
2152 -6592 -3769  -93 138 45  0 11 9
-4100 1580 3395  5 -90 -66  13 2 -6
352 2876 -2461  7 -119 3  -2 0 8
-1448 -1204 -757  -43 51 -43  8 0 6
88 368 3935  93 23 -51  -8 -3 -9
-5516 212 -3061  39 -33 53  15 2 6
503 16 27  -46 5 42  -1 -2 -8
733 1801 -128  -36 -179 30  -7 -1 -3
-1257 576 -413  163 -18 31  -7 -8 2
1563 526 -498  -86 9 34  -13 -12 3
-962 1211 717  40 -109 -16  10 -3 -10
553 1201 542  -51 -42 -26  -1 -15 -5
-672 -1029 587  33 82 -58  6 3 0
1433 -1649 92  -95 133 8  -9 5 -3
128 596 197  19 -9 3  -6 -10 -4
-7716 -6974 -3884  52 30 62  10 10 3
-3704 2937 6214  -31 -69 -165  8 -1 -1
-1868 -480 -3187  90 49 94  -2 -2 0
-5863 -6090 1114  50 74 -15  7 6 -1
6309 -2384 -2201  77 -105 -75  -15 10 8
2824 -1160 6554  -13 69 0  -4 -2 -11
-2905 -2928 -1725  68 121 16  1 -2 2
-6118 4348 910  145 -23 -44  2 -6 1
239 731 5939  -66 32 -166  4 -4 -3
2465 2915 2985  -73 -75 12  -1 -2 -8
-853 -1593 -2195  -85 -1 23  8 4 4
-3961 -2349 3839  -32 -90 -62  12 12 -5
-4367 -4211 -2363  -119 49 0  19 7 6
-3751 -571 647  33 -52 -6  7 5 -1
925 -137 1081  -76 -53 51  3 4 -6
-4563 997 325  4 37 49  11 -5 -4
8290 3219 2571  -167 -50 -52  -10 -5 -3
-2267 384 -3369  0 -29 14  6 1 8
-134 7863 -5151  61 -68 -4  -4 -16 14
-2024 1572 -21  75 53 30  0 -8 -2
2242 708 276  -83 43 -65  0 -5 4
-1916 3651 -1209  -69 -10 -66  10 -9 8
-2483 -3018 762  8 83 71  6 2 -7
-566 -2856 1167  -63 21 -56  6 6 1
4537 708 -3693  -56 -83 54  -8 4 6
3133 -4908 -318  10 69 -15  -9 8 2
3347 388 1387  19 -29 54  -11 1 -8
6 -1055 1101  -1 67 -16  0 -2 -2
-501 1142 -2019  140 -112 104  -9 5 -2
-1645 2221 -3254  -59 76 111  9 -12 1
2307 921 1114  5 18 -111  -7 -4 5
305 609 1660  -26 3 3  1 -2 -5
2749 1051 5846  69 -68 31  -13 2 -19
669 -2420 -433  -94 106 43  5 -1 -2
1280 778 -5776  -104 172 100  4 -15 9
-6335 3961 -5062  73 -70 121  9 -4 3
2635 3511 9938  22 -148 -100  -7 2 -15
-154 -2963 -2334  -92 119 79  9 2 3
-5551 1720 186  110 -27 -8  14 -5 0
-49 1300 1866  -64 26 -22  6 -8 -6
2282 754 2937  -21 -25 -62  -8 -1 -7
-6580 -422 2349  93 -35 -144  20 5 3
-1603 -821 -2355  -1 28 91  7 1 2
1064 -1346 2139  -51 -79 31  0 13 -12
-3745 -3467 3168  178 22 -150  0 13 0
-2464 -2249 2055  40 162 -42  7 -5 -5
2253 351 6442  -68 -15 -109  -3 0 -16
-1421 362 2009  122 -50 12  -5 3 -9
-3918 -2927 788  -6 88 79  16 4 -10
-354 -2344 2383  -7 73 -28  2 3 -7
273 3486 260  -24 -54 -35  1 -9 2
-1465 -991 -2083  55 23 14  1 2 7
-859 66 2146  63 -14 17  -2 1 -10
-2355 1210 1761  85 -66 0  2 1 -7
-8594 -1368 -6168  48 112 69  11 -4 6
-5024 -8823 -3473  -18 109 46  9 8 3
-7684 -108 -6938  4 4 -71  12 0 15
4146 -10118 -8653  -100 20 86  -1 15 9
5686 -2978 -5573  -54 -4 214  -6 5 -3
3516 4197 -5013  -28 61 36  -4 -10 6
-8664 -5393 8637  -40 -25 -12  16 10 -13
2247 -3295 -1474  0 38 98  -7 7 -3
322 -645 5901  -79 -29 -80  5 4 -12
284 -5126 6311  -48 -8 -42  2 7 -6
-3616 1426 -13189  -8 -76 18  5 2 16
323 -2045 12317  31 -107 -56  -2 8 -13
-1315 -4307 1670  -127 51 57  8 3 -5
-4279 8251 -1489  69 -211 -42  2 0 4
-9232 -3098 -1801  56 -40 46  9 6 0
-10051 8953 -1723  -3 31 64  13 -13 -1
-5098 -1967 4790  -50 71 -43  9 -1 -4
5003 -758 2060  -49 40 67  -4 -1 -6
692 -175 -1125  -38 19 49  0 -1 1
350 -441 433  -50 53 57  3 -3 -8
1072 -2303 3606  -68 101 -130  1 2 -6
2155 -1315 2105  -135 -1 -21  2 7 -9
-8320 -209 -6594  47 -96 33  16 7 13
2236 4837 -3288  -122 -105 99  3 -4 1
10327 487 -272  -86 60 -65  -18 -5 5
-1157 3010 -1142  -155 18 70  13 -8 -2
409 864 -1345  1 -28 32  -1 0 1
3454 -5429 10748  31 -6 -70  -10 13 -20
2845 -5226 1004  -98 32 -64  0 10 2
6093 -1717 -2360  -45 31 142  -11 2 -4
-6754 3126 -2679  -22 -61 -27  17 -3 8
-3854 -4936 -5376  13 37 66  8 9 8
-7696 -1387 315  187 -24 60  6 5 -5
788 1189 441  29 0 70  -4 -3 -6
326 83 -357  -56 25 -3  3 -2 1
7592 -253 -259  -98 8 95  -12 0 -6
-6254 -729 917  150 54 -92  5 -2 4
-4028 -71 -1043  85 -13 7  4 1 2
-598 -5139 903  35 139 10  -1 3 -3
2384 -8429 -1337  -144 97 -55  4 14 7
-1158 2911 -4767  55 -76 -5  -1 -2 12
-2573 -317 -2472  -5 19 30  13 0 9
-1993 -597 838  -76 12 1  17 2 -4
3157 293 -262  -92 -64 -70  -6 5 8
1657 333 248  -59 -3 -64  -2 -1 5
-2033 -3167 1398  52 109 -111  5 5 4
1287 4793 -1572  -30 -58 90  -3 -17 -1
-2077 703 4366  34 81 -72  1 -5 -2
17735 664 -6125  -134 22 97  -16 -2 3
-5236 -6590 1636  -25 -12 78  8 9 -6
146 -8501 -2849  -23 117 13  1 5 3
2369 -12323 -5696  -60 55 86  0 13 3
2603 157 1987  54 55 -171  -6 -3 6
-1178 449 2482  -20 72 -129  10 -11 -2
-651 1843 3179  -123 -55 -107  18 -6 -9
-2181 -129 -3502  30 43 115  11 -4 10
1168 3560 119  -95 -93 -8  3 -13 0
2732 -1846 289  -43 117 -54  -13 -1 4
1219 -2577 1139  -8 151 13  -7 0 -9
1610 2234 17  -103 -51 -2  1 -9 0
2222 177 -3230  -148 -20 135  2 1 6
-1790 2625 -1309  106 -110 76  0 -5 0
2091 -2084 648  -104 150 -49  -14 6 -1
-659 -1490 -1233  44 132 80  3 0 6
276 622 -364  25 0 -11  -8 -10 8
-87 -1787 -1904  28 153 165  -3 1 2
-5280 3092 -2282  -15 18 -21  14 -9 7
-5994 2210 -5810  112 -110 47  7 2 11
1720 726 -1414  -33 -28 64  -2 0 -1
768 1370 1190  -28 36 29  0 -6 -5
1818 1356 3864  -22 -7 -23  -3 -3 -8
292 2364 -1470  105 15 66  -8 -7 -1
4541 -3761 -5620  -47 76 144  -8 4 4
-5049 6515 -4682  78 -146 38  7 -6 9
-7681 2287 5790  27 -24 -104  17 -4 -7
-2837 -2333 932  28 83 -3  5 0 -2
1111 -4951 -2302  3 -12 40  -3 13 3
-2473 -2053 -552  73 -101 79  1 12 -4
-2725 -2725 -2036  53 10 45  3 6 2
453 -191 3368  -46 -37 -61  2 3 -4
-5595 -191 5412  141 -37 -18  4 3 -12
649 -1087 -3100  -24 -92 54  0 9 4
-13 518 -583  36 0 50  -6 -8 0
-838 1277 -517  99 -63 68  -4 -9 -4
-1223 -164 -429  116 -10 36  -1 4 0
-299 518 484  -10 -36 -47  6 -2 0
999 1464 550  -26 -128 -11  -11 -1 -7
-1575 298 132  118 -40 33  4 2 -8
-1520 78 1375  95 -8 -116  7 0 -2
6540 -8827 3415  -134 -21 86  -2 13 -9
3595 3048 926  41 37 -63  -7 -6 2
-5943 5100 11205  97 22 -119  3 -8 -9
2417 1148 -8574  -45 -30 31  -1 0 10
-104 -1501 -329  35 16 -99  -3 7 12
2821 -1078 625  -23 116 19  -14 -6 -6
-1265 533 -2453  71 -40 57  0 1 8
-1841 -3418 994  103 94 8  0 10 -7
-428 -907 -689  -23 59 54  5 -1 -2
1120 3089 -230  -147 -68 -76  9 -11 9
-660 -26 -315  16 41 -12  9 -7 7
755 -196 -780  -54 36 40  -4 -3 6
350 -201 1050  -63 53 -55  5 -6 -10
100 -661 1205  -49 88 -120  7 -4 -1
-210 -511 115  -7 -4 11  5 10 -5
-355 -336 380  24 39 -21  2 -1 -4
-416 1014 -128  35 -134 -19  0 7 5
915 310 -612  -74 -28 79  -2 0 -4
-1098 -229 1115  67 21 -102  5 0 0
486 -1428 -1316  -59 70 71  2 10 8
-2642 -3809 11319  0 32 0  4 4 -17
-4604 -1883 -2559  -1 -40 71  7 5 0
-230 -4133 -8625  44 41 36  -2 4 11
-10454 -1541 4317  106 43 -120  10 0 0
3190 -9389 -4017  -14 2 56  -4 14 3
-5036 7261 1455  196 -72 -96  -3 -7 3
-9320 367 3669  56 -10 -28  11 0 -4
-68 7549 -5889  -16 -80 71  1 -7 5
4144 9115 -6735  -133 -31 -146  1 -12 18
3445 -507 -1701  -158 5 -61  -5 3 18
-516 785 -1531  30 73 127  0 -13 -4
-1434 275 -4387  -15 22 115  11 -4 16
1252 -643 441  -128 13 20  6 3 -5
2000 190 -69  -127 72 23  1 -9 -2
351 -201 3399  -21 5 -172  0 1 -3
7379 -3883 7167  -42 62 0  -10 3 -12
-2821 6028 2679  13 -72 -78  4 -6 0
4064 -925 -12485  -102 45 123  -1 -1 14
171 -3339 -1180  -5 46 -52  0 3 5
2466 -7963 -4937  50 -63 41  -7 17 6
-1971 -126 -6875  -47 -66 63  6 4 8
-6034 -2438 3903  20 72 -44  9 0 -4
1254 855 -1555  -134 38 89  7 -9 0
3324 1791 2279  -40 -90 -48  -15 -1 -8
-1581 -1620 -295  14 109 -19  8 -2 4
1326 -2898 461  90 9 -61  -17 16 4
-1194 3285 1991  21 -154 -108  5 -3 0
-2274 2664 209  24 -148 10  11 0 -2
-672 -495 -1393  11 -20 42  3 5 4
-3263 -2300 1414  93 101 -45  8 2 -3
-318 664 1509  -52 65 -80  7 -10 0
-166 873 4321  40 -56 -148  -3 1 -8
-679 322 -239  67 13 -38  -3 -3 5
2019 -704 3181  -125 87 -108  2 -5 -6
-793 -3345 2060  -67 116 -109  11 6 0
898 474 -2310  -16 5 121  -3 -3 0
3938 -856 597  -136 5 -72  -7 4 4
-622 132 996  -36 63 -3  7 -7 -5
-5270 5028 4150  28 9 -13  12 -14 -10
-1085 -561 1531  41 -8 -56  0 2 0
1707 419 1602  -129 -60 -143  -8 3 -3
812 194 1532  -56 -32 -114  -5 2 -7
542 909 -693  15 -65 15  -13 -5 10
-1718 -691 907  153 51 -24  3 3 -12
62 184 1167  -36 -20 -50  5 0 -12
-1328 1415 -293  39 -39 5  4 -4 1
-1886 1685 1534  146 3 -144  -4 -10 6
3937 -70 -959  -92 -23 61  -13 3 -1
5588 -6338 -3105  -83 78 -158  -6 8 16
11106 -789 -780  -133 -69 23  -14 6 0
-4766 -4881 7869  59 -49 -80  6 13 -11
3480 7116 -2609  17 -84 66  -8 -9 1
-3836 3954 5730  13 -94 -123  7 -2 -4
4546 -6394 -17442  67 127 192  -11 3 17
3811 2111 5098  -20 -8 -74  -5 -3 -4
7486 4225 769  -68 24 -94  -8 -8 4
-2034 2370 9519  6 95 -2  3 -9 -15
6261 -1270 -4971  -33 -71 -20  -8 6 9
-4011 2464 446  -40 -28 35  10 -3 -3
4437 2656 -2690  -40 -133 67  -6 3 1
-475 5888 -1442  64 -102 61  -3 -5 -1
-1195 -5264 -1554  4 65 -18  2 6 4
597 4032 6974  47 -143 -103  -4 1 -7
6805 2592 2318  -81 -32 -73  -8 -3 0
245 8944 -2658  -107 -49 -33  6 -14 7
3653 -6016 3742  -131 72 -35  1 7 -5
1157 864 4478  79 -11 -58  -7 -1 -5
4725 -7552 -194  -49 21 55  -6 13 -3
488 -3068 -768  0 14 48  -2 12 -1
-205 -4412 -3855  22 122 85  -1 8 9
89 2875 303  -14 -27 -47  1 -10 3
551 397 4629  -36 36 -33  1 -5 -17
572 -3131 1395  7 127 -110  -3 2 4
2021 1804 -1356  48 -20 32  -13 -6 3
4454 4528 -2833  -38 -13 43  -12 -14 6
-2062 2476 755  96 -40 -119  -1 -5 7
-520 -1226 -379  53 91 -5  -3 -1 4
-430 -1586 -2449  7 35 141  2 9 3
770 -1016 71  -129 37 -123  9 4 15
-565 -3011 1301  72 66 -77  -5 17 -1
-505 394 -1504  4 -25 94  3 0 1
1430 -2546 -724  -61 147 58  -5 3 -1
-932 143 -1423  50 -10 107  1 0 -2
-2492 -1321 -455  173 22 4  -2 7 3
-4768 -7571 -7177  46 72 25  5 8 10
-358 -2706 -3572  -80 -13 12  5 5 5
27 -8971 -4377  -1 58 -19  0 11 8
1602 -2846 -8927  -10 45 165  -2 2 5
-2913 -4176 4163  101 47 115  -1 4 -13
62 -2671 -2767  -2 22 -65  0 3 8
6327 -8201 -8402  53 72 -30  -13 9 15
-10718 -9636 4023  -36 113 -61  19 9 -3
-11348 2474 3323  54 -71 -95  15 0 0
-2942 -8334 -8533  100 176 71  -1 3 9
892 5202 -4105  12 -126 -15  -2 -1 7
-2312 -2790 6191  -84 22 -42  8 3 -7
-8666 10206 -6481  0 31 125  13 -17 3
-408 2413 7460  48 3 -69  -2 -4 -8
1412 -1227 -3635  68 89 104  -6 -3 0
-1983 -282 -5875  3 -82 168  3 5 0
-7968 -6827 -1850  48 33 35  10 9 1
-3243 -1717 740  21 -5 123  4 3 -8
-9403 5248 6725  17 -6 -84  14 -8 -6
-1152 -947 6381  -8 47 -212  3 -1 0
-6447 -3632 1011  91 121 -33  8 0 0
3138 118 -2724  66 27 -79  -11 -2 11
-13482 28 1296  124 61 66  21 -4 -7
-9417 5098 -2169  97 -15 -51  14 -10 8
-1697 1940 356  102 -76 -24  3 -8 0
746 -48 -1107  10 6 -32  -8 0 15
1411 155 -2409  0 14 91  -13 -3 11
-577 -3212 1518  112 157 -17  -9 10 -12
-570 -1574 1497  44 100 7  0 2 -15
-5629 5318 2899  69 28 -9  10 -16 -7
-4927 2780 199  155 10 -49  2 -8 3
-7330 3266 3142  104 -36 -102  12 -6 -1
1013 917 -1394  -121 -131 38  6 7 1
-1903 -1999 -6956  -55 -107 104  9 13 11
10290 -8142 -234  8 126 7  -15 5 0
10512 4512 3096  -93 -83 -140  -10 -2 3
3113 1116 -14949  38 -122 86  -7 5 19
-1367 1116 -3049  58 40 34  -1 -4 3
-6197 1851 -1544  106 -35 63  4 -1 -1
-737 -564 206  4 52 -23  1 -2 1
-1717 -5289 3566  -94 151 97  8 0 -11
-527 2411 3636  52 -15 -13  -2 -3 -5
488 1186 4826  -13 -88 43  0 3 -10
-11342 3426 4616  55 -26 -23  15 -4 -6
2168 8676 -704  -61 -104 93  0 -8 -4
383 -739 7101  44 39 -58  -3 -1 -8
7081 -997 1057  -70 -16 -40  -15 4 0
1010 5425 -3701  -120 -74 116  6 -10 2
1595 -1699 1382  -48 -97 42  -1 12 -7
3753 4671 3332  -212 -18 75  5 -12 -15
4676 4346 2617  -153 8 8  -2 -13 -8
-2370 3605 -22  91 -112 15  0 -2 -1
5755 -4884 615  -181 66 -23  -3 9 0
4832 693 -2921  57 54 -22  -18 -6 10
-3641 -347 722  28 -13 -17  9 2 -1
-4316 3003 -2778  -36 9 149  16 -10 -3
4984 703 -4053  -161 -55 83  -3 2 6
4396 -167 1440  20 69 -13  -10 -4 -2
3590 -1407 -4977  -130 45 98  1 0 4
-9089 1445 2587  87 17 -2  13 -4 -5
5791 1631 -6899  -57 -165 16  -8 7 13
4706 4638 8725  -6 -22 -40  -9 -8 -15
-3974 794 -4667  -62 -26 88  12 0 4
-6144 1476 1285  -72 32 88  17 -5 -8
-471 5909 -1226  -95 -63 41  7 -8 0
-254 4514 3455  -22 -146 -14  2 0 -6
-1277 -4104 1936  155 -12 3  -7 9 -4
2847 2864 -9499  51 12 172  -7 -5 5
3477 -808 4757  -22 77 -150  -4 -3 1
-3615 3080 -913  101 -68 -48  0 -1 4
-6117 -628 5333  226 -2 19  -3 1 -9
-3327 7454 6035  93 -60 -56  0 -8 -6
-106 -149 922  9 66 -78  0 -8 -1
290 1237 603  -69 -60 -85  7 -8 5
466 555 -2092  -109 -52 130  11 1 10
1280 -1095 -2961  -117 68 179  0 6 15
-546 181 1098  49 -42 -130  0 5 5
-623 852 -1641  104 -115 35  -8 7 19
1181 -523 -1113  -126 88 107  3 -6 -1
-865 -182 -684  48 -21 68  5 7 -1
-612 1578 647  13 -91 25  7 -8 -14
-4362 -1406 388  130 79 -72  12 0 5
3252 1843 -3347  -122 -111 164  -6 1 2
507 3544 -2780  21 -139 104  -5 -6 5
2550 709 -521  -83 28 45  -6 -7 -2
-2122 -462 1771  -303 -63 249  21 12 -13
-2437 1226 1102  -351 172 158  30 -10 -8
2255 -504 868  322 -73 123  -22 5 -7
416 -3032 847  54 -433 126  -3 25 -4
1549 -1605 -2375  221 -229 -341  -16 16 20
-1643 2300 -1819  -236 331 -263  16 -26 14
-2615 402 -507  -372 59 -70  24 -10 5
-2343 811 314  -335 120 44  23 -5 -2
-365 1298 2597  -51 189 373  6 -8 -19
-2005 2107 -1154  -284 303 -164  21 -19 12
-2470 480 1812  -356 69 261  19 -6 -17
1180 463 2048  168 67 292  -9 -4 -21
-1459 -1736 2814  -208 -248 403  11 15 -29
-794 1646 -2698  -109 235 -382  2 -11 25
2736 -241 -850  392 -40 -119  -26 3 13
-1830 2485 -523  -256 359 -74  19 -24 4
-62 -2018 -1982  -11 -288 -286  2 20 19
-422 1299 2794  -61 186 398  2 -11 -33
-660 1383 1899  -100 200 271  5 -11 -21
819 -1235 2372  115 -180 338  -6 13 -20
1981 650 1812  282 91 258  -24 -8 -18
2807 -530 -657  405 -75 -93  -28 2 6
1823 1329 1725  259 191 243  -19 -15 -17
-3227 -1300 1047  -462 -184 154  32 10 -11
1154 2375 1815  172 332 262  -12 -18 -13
-2250 315 -1759  -321 48 -251  26 -4 20
-542 1627 2370  -73 234 338  5 -20 -16
2663 445 577  381 67 82  -25 -3 -4
-2035 2475 353  -290 353 51  22 -21 -2
-46 3186 1025  -11 459 147  -4 -32 -7
-367 2663 -139  -52 380 -19  9 -25 6
1498 -350 -2445  215 -50 -350  -9 0 23
891 2223 595  127 314 83  -6 -22 -7
1808 -2071 496  259 -295 70  -15 24 -4
3104 958 -1127  447 130 -161  -32 -6 11
-691 2655 -1206  -94 380 -171  2 -29 17
-590 1757 2632  -81 248 376  0 -16 -29
-228 -1718 2459  -28 -242 353  3 21 -24
-2385 440 -1088  -339 69 -158  24 -6 6
-1679 2606 1394  -235 379 201  15 -28 -9
1947 2261 -1703  277 321 -239  -19 -22 15
731 -2357 -675  107 -331 -89  -7 25 6
844 -2402 -104  121 -341 -15  -7 25 0
1450 -2653 -74  211 -381 -12  -14 21 -2
2747 31 -945  394 7 -130  -23 0 9
-2503 1032 1102  -355 151 157  21 -7 -14
-819 -1542 2877  -117 -217 411  9 14 -31
1614 -1510 1435  230 -213 208  -13 11 -13
1786 2090 942  255 299 136  -17 -19 -8
-1600 154 2649  -225 26 379  14 -1 -28
-601 1915 -2174  -85 275 -310  5 -20 18
-362 118 -2805  -51 18 -400  2 -1 24
-1321 120 -2416  -187 15 -345  13 -4 24
1522 -426 -2045  217 -60 -292  -15 5 20
2549 1073 -1788  364 157 -259  -20 -7 19
-546 -2359 -1052  -76 -334 -146  6 24 11
-935 3394 102  -138 486 12  16 -34 5
1972 2100 229  286 297 30  -16 -29 0
-1532 -10 -2556  -219 -1 -358  17 4 25
-2589 1080 15  -369 150 -4  25 -9 -3
-1981 -1500 -2143  -282 -210 -306  22 17 21
-1800 -1820 -2465  -258 -260 -356  17 22 27
1610 -2354 787  230 -334 114  -18 19 -7
2836 462 173  403 68 24  -24 -3 -1
1480 782 2326  216 114 331  -13 -6 -28
716 -2041 -2699  104 -285 -385  -6 19 30
19 2156 2499  2 315 363  -2 -16 -24
1654 -2460 -1314  237 -351 -187  -16 23 10
-1024 510 -2461  -142 73 -348  12 -7 22
1598 1995 993  226 285 138  -15 -19 -15
-43 -2734 796  -8 -389 117  0 26 -9
-195 3 3287  -31 1 468  1 -3 -25
2805 1346 611  399 190 86  -28 -12 -11
-511 484 -2893  -73 66 -411  5 -2 28
1404 -92 3043  204 -13 435  -9 -1 -29
1238 913 2670  178 129 379  -9 -10 -22
-2747 1362 1367  -394 195 195  26 -17 -17
2820 -163 1033  403 -24 151  -32 0 -12
-1315 -1314 1905  -188 -188 272  15 13 -21
1949 1801 -1518  278 257 -220  -19 -18 15
-789 139 2982  -109 15 427  7 1 -29
1689 1927 -1008  241 277 -148  -22 -20 10
1344 1683 1384  198 240 197  -14 -15 -13
1209 866 -2200  168 121 -309  -9 -6 22
796 -43 -2620  119 -8 -372  -7 2 24
-1971 1006 1462  -283 144 209  15 -10 -18
201 -2197 -914  26 -314 -131  -5 21 9
-1477 -1943 -514  -205 -275 -79  11 19 4
2455 1143 -1031  350 166 -146  -18 -11 14
1129 -1345 2441  164 -189 349  -11 11 -30
1179 -2706 1364  169 -386 189  -10 33 -14
1741 2448 948  246 351 135  -18 -25 -12
1291 811 2281  184 115 331  -15 -8 -16
2063 -410 -1207  292 -56 -170  -17 4 15
150 -1589 2838  23 -231 406  1 13 -29
34 313 -2616  2 45 -374  1 -3 29
-923 -814 3386  -130 -117 483  9 6 -39
-2929 -1015 -1042  -418 -145 -151  29 9 10
1064 -1032 -3214  154 -148 -463  -9 9 32
-2322 195 -2626  -328 24 -376  19 -2 23
1158 1440 2226  164 209 324  -9 -8 -18
-1421 -1873 1224  -200 -269 176  11 16 -8
2311 2069 120  330 297 21  -21 -20 1
1388 18 -2544  198 2 -364  -9 -1 25
456 -3127 955  62 -446 139  -4 32 -9
3098 930 -276  443 136 -44  -29 -9 4
-1321 -1548 2771  -190 -219 395  11 14 -30
1430 2507 882  202 359 122  -11 -25 -12
-2460 1524 345  -351 217 47  22 -11 -5
-2585 1620 -78  -369 229 -10  29 -16 5
1824 -2621 -349  254 -373 -49  -18 26 7
-650 -527 3276  -95 -72 468  2 8 -35
679 392 2650  90 56 373  -7 -2 -24
507 887 -3359  70 127 -479  -5 -9 35
-1637 -1507 -1213  -235 -219 -173  16 13 12
-1979 -1445 -1290  -282 -204 -181  20 13 12
-1848 474 -2045  -264 63 -288  17 -4 15
-2101 269 -2661  -300 37 -380  21 3 26
689 -810 -2923  104 -114 -417  -5 11 31
1585 431 2142  225 61 309  -16 -2 -24
-1508 -1438 2313  -210 -201 333  11 14 -23
10 1105 3196  3 156 454  1 -10 -37
1270 2495 -987  180 351 -142  -13 -25 11
2626 451 -749  377 65 -106  -25 2 7
-2238 106 1952  -324 19 280  21 1 -23
-2892 -982 1865  -413 -139 268  29 7 -17
1554 -2331 -911  222 -336 -130  -15 23 11
484 2685 973  69 381 137  -4 -31 -10
-831 3375 -748  -117 482 -105  6 -32 3
1028 711 -2525  149 98 -359  -8 -14 20
1487 -441 2012  212 -66 287  -10 0 -23
-1138 -1711 -1205  -165 -246 -170  10 21 11
-1514 -1877 1393  -213 -271 204  16 19 -13
2365 2045 -358  336 288 -54  -25 -16 10
990 -1828 1192  140 -253 169  -11 24 -12
1812 2200 -341  257 314 -48  -18 -18 3
1974 -1123 -1092  286 -163 -153  -15 7 8
9 -1865 1951  7 -266 275  -4 20 -19
-2899 1147 -795  -419 155 -113  24 -12 6
-1672 2718 -1088  -237 388 -158  16 -30 10
-2291 -39 1857  -334 -5 263  20 0 -15
-399 1332 2144  -58 191 305  -1 -21 -20
1551 -2205 351  216 -320 52  -15 22 -2
-2557 -1942 809  -370 -282 119  25 20 -8
-1648 -1639 -1344  -242 -233 -188  14 17 13
-1910 -1956 790  -271 -278 114  18 19 -11
1971 1131 1703  281 157 244  -19 -15 -18
2865 -1439 259  410 -201 33  -28 16 -2
-2992 542 573  -435 81 81  29 -5 -5
2968 226 -1925  426 26 -275  -30 -2 16
449 3307 792  59 468 111  -9 -32 -5
1388 -2741 490  195 -389 70  -13 27 -9
1810 1169 673  257 165 93  -17 -11 -6
2038 -1979 -1241  291 -275 -177  -27 18 13
62 -1698 2227  8 -245 313  -2 18 -16
-105 -2890 732  -16 -408 107  2 28 -4
-717 -2536 -1695  -102 -362 -240  7 24 10
-520 1135 2616  -72 156 370  4 -7 -30
-3048 877 342  -436 128 48  27 -13 -3
-2788 1634 19  -398 237 2  33 -16 1
-655 -2912 -1703  -95 -417 -242  5 30 21
2612 1183 194  372 166 25  -25 -10 -8
-1341 -314 3221  -188 -39 463  11 6 -35
690 -2435 1503  101 -344 219  -5 24 -17
143 -2334 1980  19 -334 280  1 23 -23
255 2935 922  32 419 134  -2 -27 -9
-887 -2118 -1786  -129 -299 -255  11 20 12
-2294 -632 -1841  -331 -91 -265  26 6 18
668 -1926 -2179  90 -275 -312  -6 20 21
-235 -3 -2940  -35 2 -420  0 -1 29
2345 931 -1398  334 135 -196  -20 -13 13
-2372 -2100 191  -338 -304 24  19 25 -3
564 1687 2294  80 238 330  -1 -17 -22
-2071 230 -2123  -295 30 -302  20 -2 21
-1121 2591 -1317  -161 365 -188  9 -22 12
-551 2953 1516  -78 419 210  7 -29 -16
-28 972 2082  -5 139 294  -6 -12 -20
417 -1508 2493  64 -215 357  -1 16 -26
1585 -644 -2184  228 -93 -311  -15 2 19
1773 -573 -2820  252 -78 -401  -16 6 29
181 -2455 2313  25 -350 330  -6 25 -23
1280 -2262 244  179 -318 31  -10 22 -2
1284 2870 -228  180 409 -32  -13 -34 2
-1845 861 -1281  -258 125 -183  17 -8 15
-1466 1044 -2300  -207 151 -326  14 -8 20
-3181 -92 676  -455 -15 94  24 -1 -10
1789 -74 2293  255 -13 332  -17 -3 -21
-1800 -1508 -2081  -261 -213 -295  19 14 20
2515 -2573 50  365 -363 6  -23 25 -2
2456 1265 -1771  354 178 -253  -25 -13 17
-1124 1988 -1426  -160 284 -203  6 -23 15
-1669 2069 -1104  -232 294 -153  19 -27 13
2258 -675 281  324 -96 44  -22 4 -2
3072 -425 1230  438 -60 171  -32 7 -12
-940 3063 1018  -141 434 146  8 -30 -13
821 2908 -1353  120 415 -194  -10 -21 17
-2242 -935 -1405  -324 -133 -202  25 14 14
505 -2164 -2553  71 -309 -366  -7 21 28
-2390 1771 -1053  -343 253 -158  21 -17 16
-2344 -1351 1242  -337 -196 171  26 10 -8
410 2563 -956  58 369 -136  2 -33 5
-1293 -1998 -2130  -183 -287 -300  11 14 26
-87 627 2624  -11 91 372  0 -8 -25
-1793 -1826 -1275  -249 -261 -177  18 11 14
1696 1336 -1959  241 190 -276  -13 -9 16
-606 725 -2543  -86 103 -363  6 -13 19
2511 574 1637  363 82 234  -28 0 -14
1002 2714 -605  139 385 -85  -12 -28 9
1697 857 2389  245 125 346  -19 0 -22
-2852 -488 7  -407 -66 0  28 3 0
-1590 2685 -281  -227 384 -37  16 -28 7
-2437 924 1940  -350 132 275  24 -11 -21
2161 -851 -896  308 -119 -126  -20 10 6
2013 646 2537  285 98 364  -18 -6 -26
3073 -468 -1039  439 -69 -146  -28 3 10
-952 1667 -2345  -133 238 -337  9 -13 23
-11 1283 -2592  -1 182 -370  -4 -12 20
-2645 474 -1289  -376 67 -186  24 -4 12
1566 -2232 1202  223 -318 175  -10 25 -9
-1639 -1476 2362  -234 -208 337  13 12 -28
-1248 -2148 -2192  -181 -303 -314  15 21 27
1426 -544 -2458  196 -77 -351  -19 3 21
-2263 -1814 286  -323 -259 40  24 18 -2
-340 1102 2847  -50 160 406  1 -11 -32
650 301 2888  90 42 407  -2 -5 -28
-1105 -2795 -956  -157 -399 -137  10 23 11
-983 1332 2733  -140 193 391  13 -13 -30
1071 2438 -1715  156 346 -244  -12 -23 17
929 2579 18  135 365 4  -8 -26 1
1785 1698 -932  255 249 -136  -19 -22 15
630 1560 -2584  90 226 -373  -8 -16 20
2477 412 1652  356 59 237  -25 -3 -20
-1871 -1335 54  -270 -192 14  15 11 9
-3166 805 -1347  -449 118 -198  34 -8 12
-1630 2254 155  -234 320 17  16 -21 -1
579 -1816 -1851  83 -259 -262  -5 20 17
-1648 2390 589  -233 341 87  9 -22 -2
-2685 882 1326  -383 126 189  27 -8 -13
2955 1306 -944  424 185 -134  -29 -12 7
2252 -67 -1949  320 -10 -280  -22 2 18
923 -2187 2201  130 -316 318  -9 25 -18
1497 -1515 1909  213 -222 269  -11 13 -19
805 769 2661  119 103 387  -7 -9 -29
-697 1877 -2490  -100 266 -354  7 -15 24
-3230 874 -404  -461 122 -58  34 -12 -1
-470 -1693 1612  -72 -241 229  7 14 -16
-2535 -340 2157  -365 -44 308  22 4 -24
982 -2403 683  140 -343 99  -9 22 -6
-1451 1597 -959  -207 232 -137  15 -15 14
-1621 1781 -1838  -239 255 -263  18 -17 18
-865 1948 -1772  -121 283 -254  3 -20 14
-259 -2815 -1217  -39 -406 -180  7 33 20
922 -2047 -2268  131 -293 -328  -7 20 22
2313 586 -1634  328 80 -230  -29 -4 13
1297 1157 2212  186 165 319  -12 -15 -25
1358 202 2548  190 22 365  -11 -2 -25
2500 -988 2095  360 -142 300  -32 12 -23
994 1256 2245  143 180 318  -15 -11 -21
-1031 1831 -1611  -150 256 -228  11 -16 15
-976 1060 -2935  -135 157 -412  11 -10 31
182 -36 2521  23 -6 358  -6 0 -22
2918 -1187 -702  415 -171 -94  -26 12 5
-1262 -1914 2189  -180 -272 312  17 22 -21
1587 -814 2556  229 -116 368  -18 9 -19
-1159 1932 -2448  -169 270 -352  11 -19 24
1424 -2911 -332  210 -418 -47  -19 31 4
-626 -2290 476  -88 -325 66  6 20 -7
778 -2891 -166  111 -416 -26  -7 29 -2
712 2596 1300  102 370 193  -7 -19 -14
816 3285 -849  120 468 -120  -3 -31 8
175 251 -3047  26 35 -437  4 -1 30
-1556 1380 -2034  -219 197 -292  10 -17 20
193 -1861 -2070  24 -265 -295  -2 21 16
2767 -1685 -452  391 -239 -62  -23 19 4
2025 625 -2565  289 87 -366  -19 -2 21
218 109 -2740  35 14 -396  -6 3 31
1040 -2055 2044  150 -295 292  -9 18 -15
-1581 -2524 -577  -229 -356 -86  12 26 7
-590 549 2679  -82 78 386  3 -5 -33
2496 -324 -1140  358 -46 -160  -26 4 11
3097 26 294  439 2 44  -29 1 -7
2875 -1108 1234  406 -156 177  -28 6 -10
914 3014 116  130 430 17  -8 -27 -3
-2795 362 865  -400 50 120  32 -3 -10
2272 -1671 -1011  317 -237 -142  -19 16 9
-1549 622 -2716  -219 88 -393  15 -8 26
1377 -594 2081  194 -83 297  -19 0 -16
1420 -459 -2722  204 -66 -388  -12 4 28
-846 1705 -2278  -121 245 -322  12 -13 18
-1090 1947 -2685  -150 275 -389  8 -19 26
-551 -2785 -147  -82 -396 -16  -1 21 2
-923 1035 -2649  -131 145 -382  11 -17 29
-281 -1030 2262  -40 -147 325  5 14 -27
-657 2838 -622  -93 406 -82  8 -31 3
1645 -1436 2101  235 -205 302  -14 12 -18
147 -1421 2442  22 -204 350  -1 13 -25
-1524 318 2963  -216 49 420  15 -3 -25
-2028 2156 -1132  -289 306 -159  18 -22 8
553 -2189 -2435  82 -314 -341  -1 23 23
1131 2122 1644  162 304 234  -17 -15 -21
2498 870 1511  359 126 217  -26 -8 -21
1714 1681 -802  237 243 -109  -21 -18 6
-1966 1326 2291  -282 184 331  19 -8 -25
-1247 2501 -688  -180 353 -95  17 -28 4
2603 -338 -133  373 -48 -21  -27 1 5
1737 -2183 -1105  252 -314 -159  -18 20 14
545 2687 353  77 379 52  -4 -23 0
-1933 -2455 -1281  -278 -350 -183  17 24 13
1870 983 1831  267 145 263  -25 -8 -16
-520 -2256 2247  -75 -320 320  2 22 -22
2638 -54 -1010  379 -4 -147  -32 4 11
1555 507 2903  222 72 417  -14 -7 -27
-1355 -2903 308  -191 -413 49  13 31 -9
-222 2087 2127  -31 298 303  5 -17 -18
1724 1781 -897  244 253 -127  -11 -19 8
-676 -2264 1365  -88 -320 198  5 24 -15
-1919 2501 -665  -275 357 -93  17 -20 3
-1931 2494 -445  -276 356 -63  18 -24 7
1190 2716 1444  171 386 202  -15 -27 -17
-2370 732 70  -331 104 11  26 -4 3
1217 2024 -1202  170 295 -170  -10 -17 8
-1986 -313 -1564  -284 -51 -225  24 0 13
-1935 1122 1681  -274 158 242  19 -5 -15
-2186 -1938 -1597  -312 -272 -226  21 19 17
-1320 2050 -22  -189 292 -3  15 -21 -2
1004 -2234 2107  146 -317 301  -8 24 -19
837 -2684 1106  118 -383 161  -10 28 -11
1663 -1698 1607  238 -246 233  -13 17 -9
-2951 -287 1974  -421 -43 282  31 3 -19
-358 -2571 -1263  -51 -366 -178  2 23 14
159 597 -2877  26 85 -413  -1 -9 27
-1908 2797 545  -274 395 80  20 -27 -1
-1367 204 -2579  -196 29 -370  13 -1 22
2276 -34 -749  325 -8 -104  -21 0 7
511 2226 -2452  71 322 -351  -9 -21 25
-2769 66 0  -389 9 2  23 0 1
-542 -1292 -2619  -75 -186 -377  5 9 28
-2209 1507 1449  -313 216 209  22 -14 -15
595 -2182 -2205  82 -311 -313  -2 22 26
-427 2844 -1517  -56 402 -216  3 -27 16
-2659 52 -2009  -383 11 -287  32 -2 23
2368 -56 1981  340 -4 287  -26 4 -21
300 597 3155  42 81 448  1 -3 -36
1142 -1310 -1919  165 -188 -280  -9 16 21
898 3116 -155  129 448 -25  -8 -30 -2
1003 1454 -2368  149 207 -339  -13 -13 24
15 -54 3435  -1 -7 490  -4 -3 -31
-1659 -2579 12  -236 -371 0  12 17 2
368 -2224 1963  47 -314 286  2 25 -19
-2488 -1527 -771  -355 -218 -106  23 16 6
3000 1389 -249  431 203 -35  -29 -13 3
-1859 608 -2480  -263 86 -354  22 -8 27
1732 2615 742  246 377 107  -18 -27 -13
1 -2495 -2304  0 -356 -329  -1 26 24
-1562 -834 2229  -224 -119 316  15 5 -25
-3428 -95 403  -491 -15 53  33 0 -1
-36 -1256 -3067  -6 -177 -439  -1 12 31
-824 2713 -958  -122 385 -134  8 -27 9
179 -1644 -1660  25 -236 -237  -1 20 20
3188 974 628  451 141 90  -34 -5 -8
-2382 -2274 445  -341 -323 66  23 18 -6
2926 1103 -293  413 155 -36  -29 -14 3
647 754 -3103  95 110 -446  -6 -5 34
-284 -2706 -1212  -40 -387 -174  -4 25 13
-598 -1998 1856  -82 -281 263  6 20 -17
-1894 -589 -2444  -270 -83 -347  16 2 27
-2978 1564 -1301  -427 223 -186  31 -15 18
3188 344 786  447 49 112  -28 -4 -10
2169 -33 2289  307 -4 324  -21 3 -24
-1001 1571 -1950  -147 224 -275  9 -15 14
2063 -844 -1719  296 -121 -244  -17 11 20
1203 -2472 -1273  167 -349 -181  -12 24 16
-1951 -1039 -2239  -277 -148 -319  23 10 20
-2373 -1668 1527  -340 -235 218  23 12 -11
1126 -2300 -2008  165 -331 -289  -15 22 21
-899 -1404 2281  -130 -199 331  11 10 -18
2348 -1713 500  337 -245 72  -23 19 -3
757 -1828 2218  106 -257 316  -6 23 -23
-2698 -15 -1300  -385 -6 -183  30 2 13
-844 2876 -393  -123 410 -57  8 -25 -2
-2288 916 -1561  -327 130 -225  23 -9 10
430 2266 -135  61 323 -19  -9 -20 1
354 724 -3228  52 106 -462  -3 -3 35
114 2431 1691  21 346 240  3 -22 -18
-2567 -1005 -499  -367 -137 -66  22 8 3
-2684 -206 -370  -383 -25 -54  28 0 7
-529 -1243 -2730  -72 -173 -393  7 8 25
-218 -2287 -2237  -31 -321 -323  2 23 19
873 -1449 1931  130 -207 274  -13 15 -18
-1391 1683 1302  -204 244 188  13 -12 -7
-2355 377 -1142  -338 52 -162  20 -3 11
-1002 204 -3023  -143 27 -426  6 -4 30
3022 -1753 789  428 -245 113  -26 19 -9
995 -1461 -1906  143 -205 -269  -4 14 17
1446 -513 -2058  208 -78 -293  -20 5 25
659 2186 132  91 312 22  -9 -21 -6
-7 654 2741  -1 92 391  1 -6 -27
402 1644 -1510  55 236 -212  -4 -14 15
20 -3022 -269  5 -429 -42  1 29 6
-2430 1935 -274  -347 279 -43  24 -25 10
1042 -1844 -1253  142 -261 -178  -14 17 10
-2337 2080 -901  -339 301 -128  18 -22 6
776 164 -2398  112 26 -342  -4 -3 23
60 851 -2490  8 120 -353  0 -14 24
